Date	Tornadoes	Fatalities
Mar 2026	1271	
Feb 2026	1571	
Jan 2026	1562	67
Dec 2025	1559	67
Nov 2025	1670	68
Oct 2025	1716	68
Sep 2025	1736	74
Aug 2025	1747	76
Jul 2025	1790	77
Jun 2025	1907	80
May 2025	1806	75
Apr 2025	2004	76
Mar 2025	2008	73
Feb 2025	1764	54
Jan 2025	1766	52
Dec 2024	1791	54
Nov 2024	1685	60
Oct 2024	1643	60
Sep 2024	1621	54
Aug 2024	1579	52
Jul 2024	1639	53
Jun 2024	1540	50
May 2024	1642	58
Apr 2024	1280	32
Mar 2024	1073	33
Feb 2024	1225	76
Jan 2024	1236	77
Dec 2023	1321	83
Nov 2023	1358	79
Oct 2023	1402	83
Sep 2023	1406	83
Aug 2023	1404	83
Jul 2023	1294	81
Jun 2023	1244	81
May 2023	1114	72
Apr 2023	1185	73
Mar 2023	1255	66
Feb 2023	1281	31
Jan 2023	1236	31
Dec 2022	1143	23
Nov 2022	1317	109
Oct 2022	1276	105
Sep 2022	1387	106
Aug 2022	1390	107
Jul 2022	1508	107
Jun 2022	1570	107
May 2022	1552	107
Apr 2022	1572	105
Mar 2022	1431	105
Feb 2022	1335	100
Jan 2022	1335	102
Dec 2021	1314	103
Nov 2021	1109	14
Oct 2021	1112	14
Sep 2021	984	13
Aug 2021	994	12
Jul 2021	1023	15
Jun 2021	996	16
May 2021	982	16
Apr 2021	849	17
Mar 2021	1035	54
Feb 2021	980	72
Jan 2021	1011	70
Dec 2020	1082	76
Nov 2020	1112	79
Oct 2020	1104	80
Sep 2020	1150	80
Aug 2020	1197	80
Jul 2020	1093	77
Jun 2020	1095	76
May 2020	1181	76
Apr 2020	1565	82
Mar 2020	1573	51
Feb 2020	1597	49
Jan 2020	1582	49
Dec 2019	1517	42
Nov 2019	1526	40
Oct 2019	1593	42
Sep 2019	1651	42
Aug 2019	1674	43
Jul 2019	1677	43
Jun 2019	1668	44
May 2019	1646	44
Apr 2019	1306	38
Mar 2019	1164	32
Feb 2019	1112	9
Jan 2019	1133	10
Dec 2018	1126	10
Nov 2018	1072	9
Oct 2018	1031	6
Sep 2018	983	6
Aug 2018	926	5
Jul 2018	964	5
Jun 2018	953	4
May 2018	944	4
Apr 2018	1065	5
Mar 2018	1149	12
Feb 2018	1286	12
Jan 2018	1307	15
Dec 2017	1429	35
Nov 2017	1436	35
Oct 2017	1444	41
Sep 2017	1389	41
Aug 2017	1377	41
Jul 2017	1348	41
Jun 2017	1375	41
May 2017	1315	41
Apr 2017	1241	41
Mar 2017	1169	34
Feb 2017	1062	34
Jan 2017	1096	36
Dec 2016	976	18
Nov 2016	1040	44
Oct 2016	1089	38
Sep 2016	1109	38
Aug 2016	1087	38
Jul 2016	1042	38
Jun 2016	1049	38
May 2016	1147	38
Apr 2016	1311	43
Mar 2016	1340	44
Feb 2016	1266	45
Jan 2016	1166	38
Dec 2015	1177	36
Nov 2015	1114	15
Oct 2015	1038	15
Sep 2015	1071	16
Aug 2015	1095	16
Jul 2015	1083	16
Jun 2015	1053	20
May 2015	1155	22
Apr 2015	904	15
Mar 2015	862	48
Feb 2015	871	47
Jan 2015	910	47
Dec 2014	886	47
Nov 2014	884	44
Oct 2014	941	52
Sep 2014	929	51
Aug 2014	909	51
Jul 2014	921	51
Jun 2014	908	47
May 2014	746	46
Apr 2014	883	87
Mar 2014	840	53
Feb 2014	838	53
Jan 2014	835	54
Dec 2013	906	55
Nov 2013	941	53
Oct 2013	868	45
Sep 2013	844	45
Aug 2013	861	45
Jul 2013	854	45
Jun 2013	819	45
May 2013	806	48
Apr 2013	660	7
Mar 2013	780	12
Feb 2013	916	55
Jan 2013	934	69
Dec 2012	938	70
Nov 2012	900	70
Oct 2012	937	75
Sep 2012	923	75
Aug 2012	936	75
Jul 2012	955	77
Jun 2012	1021	77
May 2012	1070	76
Apr 2012	1275	254
Mar 2012	1827	611
Feb 2012	1748	569
Jan 2012	1754	555
Dec 2011	1691	553
Nov 2011	1708	562
Oct 2011	1717	557
Sep 2011	1802	557
Aug 2011	1808	559
Jul 2011	1806	558
Jun 2011	1849	560
May 2011	2013	569
Apr 2011	1991	398
Mar 2011	1372	46
Feb 2011	1330	46
Jan 2011	1268	45
Dec 2010	1282	45
Nov 2010	1288	36
Oct 2010	1238	36
Sep 2010	1195	37
Aug 2010	1146	35
Jul 2010	1151	34
Jun 2010	1123	32
May 2010	1069	20
Apr 2010	966	18
Mar 2010	1053	13
Feb 2010	1135	12
Jan 2010	1170	21
Dec 2009	1146	21
Nov 2009	1154	21
Oct 2009	1166	23
Sep 2009	1122	22
Aug 2009	1225	24
Jul 2009	1266	24
Jun 2009	1243	25
May 2009	1265	32
Apr 2009	1526	71
Mar 2009	1489	65
Feb 2009	1503	69
Jan 2009	1614	119
Dec 2008	1692	126
Nov 2008	1665	127
Oct 2008	1657	125
Sep 2008	1722	130
Aug 2008	1663	128
Jul 2008	1635	129
Jun 2008	1609	128
May 2008	1445	121
Apr 2008	1236	91
Mar 2008	1214	100
Feb 2008	1258	123
Jan 2008	1163	86
Dec 2007	1100	81
Nov 2007	1123	82
Oct 2007	1158	92
Sep 2007	1148	87
Aug 2007	1180	88
Jul 2007	1187	88
Jun 2007	1189	88
May 2007	1180	88
Apr 2007	1066	77
Mar 2007	1145	106
Feb 2007	1120	90
Jan 2007	1080	68
Dec 2006	1106	67
Nov 2006	1089	65
Oct 2006	1198	83
Sep 2006	1140	83
Aug 2006	1189	83
Jul 2006	1232	86
Jun 2006	1298	86
May 2006	1495	86
Apr 2006	1479	83
Mar 2006	1365	45
Feb 2006	1279	35
Jan 2006	1277	35
Dec 2005	1262	38
Nov 2005	1263	38
Oct 2005	1262	14
Sep 2005	1322	17
Aug 2005	1485	24
Jul 2005	1541	23
Jun 2005	1528	23
May 2005	1478	25
Apr 2005	1865	32
Mar 2005	1858	40
Feb 2005	1846	39
Jan 2005	1843	39
Dec 2004	1813	35
Nov 2004	1788	35
Oct 2004	1692	31
Sep 2004	1640	29
Aug 2004	1376	21
Jul 2004	1241	18
Jun 2004	1284	18
May 2004	1310	18
Apr 2004	1350	52
Mar 2004	1383	44
Feb 2004	1376	52
Jan 2004	1387	54
Dec 2003	1385	54
Nov 2003	1482	58
Oct 2003	1524	95
Sep 2003	1555	97
Aug 2003	1584	97
Jul 2003	1626	97
Jun 2003	1527	97
May 2003	1332	95
Apr 2003	986	58
Mar 2003	944	65
Feb 2003	947	57
Jan 2003	931	55
Dec 2002	934	55
Nov 2002	858	51
Oct 2002	873	29
Sep 2002	934	28
Aug 2002	957	30
Jul 2002	940	30
Jun 2002	992	30
May 2002	1143	34
Apr 2002	1179	31
Mar 2002	1198	29
Feb 2002	1184	29
Jan 2002	1210	37
Dec 2001	1212	37
Nov 2001	1216	49
Oct 2001	1155	34
Sep 2001	1101	32
Aug 2001	1064	32
Jul 2001	1046	32
Jun 2001	1074	33
May 2001	962	29
Apr 2001	963	31
Mar 2001	964	28
Feb 2001	1035	30
Jan 2001	1062	41
Dec 2000	1073	41
Nov 2000	1062	31
Oct 2000	1019	31
Sep 2000	972	31
Aug 2000	979	29
Jul 2000	1007	30
Jun 2000	958	29
May 2000	1111	33
Apr 2000	1181	83
Mar 2000	1224	96
Feb 2000	1177	95
Jan 2000	1144	76
Dec 1999	1342	94
Nov 1999	1333	92
Oct 1999	1352	92
Sep 1999	1421	94
Aug 1999	1471	96
Jul 1999	1453	95
Jun 1999	1436	95
May 1999	1526	94
Apr 1999	1526	51
Mar 1999	1529	91
Feb 1999	1545	106
Jan 1999	1595	148
Dec 1998	1428	130
Nov 1998	1434	130
Oct 1998	1433	130
Sep 1998	1448	128
Aug 1998	1376	127
Jul 1998	1399	128
Jun 1998	1505	132
May 1998	1319	129
Apr 1998	1233	148
Mar 1998	1165	94
Feb 1998	1195	107
Jan 1998	1146	66
Dec 1997	1149	68
Nov 1997	1152	69
Oct 1997	1182	72
Sep 1997	1149	72
Aug 1997	1218	71
Jul 1997	1206	70
Jun 1997	1219	67
May 1997	1154	67
Apr 1997	1164	39
Mar 1997	1227	50
Feb 1997	1196	27
Jan 1997	1187	27
Dec 1996	1172	26
Nov 1996	1175	26
Oct 1996	1199	25
Sep 1996	1205	26
Aug 1996	1123	26
Jul 1996	1104	26
Jun 1996	1066	25
May 1996	1154	29
Apr 1996	1311	45
Mar 1996	1264	34
Feb 1996	1242	28
Jan 1996	1235	33
Dec 1995	1236	34
Nov 1995	1222	33
Oct 1995	1185	38
Sep 1995	1162	37
Aug 1995	1173	37
Jul 1995	1240	37
Jun 1995	1232	40
May 1995	1252	39
Apr 1995	1021	22
Mar 1995	1097	34
Feb 1995	1106	56
Jan 1995	1108	50
Dec 1994	1085	48
Nov 1994	1087	48
Oct 1994	1064	41
Sep 1994	1068	45
Aug 1994	1103	47
Jul 1994	1095	53
Jun 1994	1182	50
May 1994	1259	47
Apr 1994	1276	48
Mar 1994	1155	45
Feb 1994	1145	28
Jan 1994	1170	109
Dec 1993	1174	109
Nov 1993	1188	109
Oct 1993	1318	135
Sep 1993	1297	135
Aug 1993	1314	133
Jul 1993	1317	130
Jun 1993	1288	130
May 1993	1375	131
Apr 1993	1334	130
Mar 1993	1302	120
Feb 1993	1309	120
Jan 1993	1304	39
Dec 1992	1302	39
Nov 1992	1285	39
Oct 1992	1156	15
Sep 1992	1143	11
Aug 1992	1087	11
Jul 1992	1018	8
Jun 1992	869	9
May 1992	685	9
Apr 1992	883	9
Mar 1992	1034	30
Feb 1992	1137	38
Jan 1992	1119	38
Dec 1991	1133	39
Nov 1991	1165	41
Oct 1991	1163	39
Sep 1991	1177	41
Aug 1991	1196	41
Jul 1991	1210	70
Jun 1991	1252	69
May 1991	1370	79
Apr 1991	1278	84
Mar 1991	1182	63
Feb 1991	1112	53
Jan 1991	1158	54
Dec 1990	1140	53
Nov 1990	1108	51
Oct 1990	1148	82
Sep 1990	1143	84
Aug 1990	1129	84
Jul 1990	1105	55
Jun 1990	1058	55
May 1990	976	49
Apr 1990	965	53
Mar 1990	939	53
Feb 1990	895	51
Jan 1990	855	50
Dec 1989	859	50
Nov 1989	876	51
Oct 1989	939	34
Sep 1989	928	30
Aug 1989	973	31
Jul 1989	998	34
Jun 1989	1042	34
May 1989	853	29
Apr 1989	753	23
Mar 1989	729	27
Feb 1989	711	27
Jan 1989	698	27
Dec 1988	700	32
Nov 1988	695	37
Oct 1988	630	34
Sep 1988	612	34
Aug 1988	555	33
Jul 1988	557	31
Jun 1988	617	31
May 1988	686	33
Apr 1988	680	61
Mar 1988	642	58
Feb 1988	654	58
Jan 1988	669	64
Dec 1987	658	59
Nov 1987	648	53
Oct 1987	609	42
Sep 1987	634	42
Aug 1987	680	42
Jul 1987	684	42
Jun 1987	610	45
May 1987	612	43
Apr 1987	658	13
Mar 1987	722	14
Feb 1987	760	19
Jan 1987	771	15
Dec 1986	765	15
Nov 1986	763	15
Oct 1986	765	18
Sep 1986	757	18
Aug 1986	731	18
Jul 1986	772	20
Jun 1986	734	17
May 1986	682	20
Apr 1986	695	97
Mar 1986	746	100
Feb 1986	708	96
Jan 1986	685	94
Dec 1985	687	94
Nov 1985	688	94
Oct 1985	699	92
Sep 1985	730	96
Aug 1985	708	96
Jul 1985	647	93
Jun 1985	668	93
May 1985	829	104
Apr 1985	815	32
Mar 1985	856	60
Feb 1985	893	122
Jan 1985	913	122
Dec 1984	912	122
Nov 1984	966	127
Oct 1984	985	126
Sep 1984	949	122
Aug 1984	950	122
Jul 1984	979	122
Jun 1984	1006	126
May 1984	941	114
Apr 1984	1019	122
Mar 1984	908	95
Feb 1984	904	31
Jan 1984	918	32
Dec 1983	930	34
Nov 1983	969	36
Oct 1983	939	36
Sep 1983	935	36
Aug 1983	955	38
Jul 1983	913	38
Jun 1983	909	34
May 1983	927	36
Apr 1983	1009	36
Mar 1983	1095	60
Feb 1983	1084	66
Jan 1983	1044	65
Dec 1982	1049	64
Nov 1982	953	57
Oct 1982	941	57
Sep 1982	964	57
Aug 1982	952	55
Jul 1982	982	55
Jun 1982	985	55
May 1982	1012	59
Apr 1982	868	45
Mar 1982	801	28
Feb 1982	774	23
Jan 1982	798	25
Dec 1981	782	24
Nov 1981	782	24
Oct 1981	778	24
Sep 1981	789	25
Aug 1981	800	26
Jul 1981	809	26
Jun 1981	806	31
May 1981	800	30
Apr 1981	817	38
Mar 1981	870	29
Feb 1981	877	30
Jan 1981	863	28
Dec 1980	866	28
Nov 1980	867	28
Oct 1980	885	28
Sep 1980	889	34
Aug 1980	921	35
Jul 1980	974	40
Jun 1980	1011	36
May 1980	944	37
Apr 1980	852	31
Mar 1980	842	85
Feb 1980	855	84
Jan 1980	848	84
Dec 1979	859	84
Nov 1979	888	89
Oct 1979	875	89
Sep 1979	835	82
Aug 1979	786	86
Jul 1979	725	82
Jun 1979	736	92
May 1979	734	101
Apr 1979	835	106
Mar 1979	815	52
Feb 1979	779	51
Jan 1979	782	51
Dec 1978	789	53
Nov 1978	781	50
Oct 1978	797	50
Sep 1978	815	51
Aug 1978	861	46
Jul 1978	878	51
Jun 1978	835	41
May 1978	819	24
Apr 1978	834	21
Mar 1978	815	43
Feb 1978	862	43
Jan 1978	872	45
Dec 1977	854	43
Nov 1977	832	41
Oct 1977	808	41
Sep 1977	794	40
Aug 1977	763	42
Jul 1977	719	37
Jun 1977	703	38
May 1977	740	41
Apr 1977	667	45
Mar 1977	692	20
Feb 1977	810	41
Jan 1977	830	44
Dec 1976	837	44
Nov 1976	858	45
Oct 1976	896	45
Sep 1976	897	45
Aug 1976	896	42
Jul 1976	918	43
Jun 1976	913	43
May 1976	940	46
Apr 1976	973	43
Mar 1976	968	55
Feb 1976	870	46
Jan 1976	878	48
Dec 1975	918	60
Nov 1975	904	59
Oct 1975	879	59
Sep 1975	912	64
Aug 1975	903	64
Jul 1975	949	62
Jun 1975	929	60
May 1975	927	85
Apr 1975	883	90
Mar 1975	1048	394
Feb 1975	1002	383
Jan 1975	980	376
Dec 1974	951	366
Nov 1974	992	369
Oct 1974	1060	381
Sep 1974	1040	376
Aug 1974	1085	379
Jul 1974	1030	383
Jun 1974	1051	384
May 1974	1081	356
Apr 1974	1187	381
Mar 1974	1064	74
Feb 1974	1107	90
Jan 1974	1094	90
Dec 1973	1104	89
Nov 1973	1063	86
Oct 1973	999	76
Sep 1973	1008	76
Aug 1973	987	73
Jul 1973	995	71
Jun 1973	1030	70
May 1973	919	76
Apr 1973	809	41
Mar 1973	755	47
Feb 1973	743	30
Jan 1973	740	30
Dec 1972	740	34
Nov 1972	786	36
Oct 1972	785	34
Sep 1972	789	34
Aug 1972	787	34
Jul 1972	778	32
Jun 1972	763	33
May 1972	848	25
Apr 1972	876	32
Mar 1972	855	27
Feb 1972	826	29
Jan 1972	904	163
Dec 1971	888	159
Nov 1971	848	157
Oct 1971	842	157
Sep 1971	854	163
Aug 1971	862	163
Jul 1971	867	163
Jun 1971	848	165
May 1971	784	170
Apr 1971	704	189
Mar 1971	746	208
Feb 1971	731	208
Jan 1971	662	74
Dec 1970	654	73
Nov 1970	663	74
Oct 1970	658	74
Sep 1970	633	68
Aug 1970	598	68
Jul 1970	613	87
Jun 1970	630	84
May 1970	633	85
Apr 1970	689	63
Mar 1970	641	35
Feb 1970	624	34
Jan 1970	613	34
Dec 1969	607	66
Nov 1969	616	66
Oct 1969	655	69
Sep 1969	644	69
Aug 1969	649	69
Jul 1969	645	52
Jun 1969	603	54
May 1969	602	58
Apr 1969	603	126
Mar 1969	637	164
Feb 1969	657	163
Jan 1969	659	163
Dec 1968	661	131
Nov 1968	690	140
Oct 1968	654	137
Sep 1968	676	141
Aug 1968	790	146
Jul 1968	752	146
Jun 1968	786	145
May 1968	860	140
Apr 1968	831	71
Mar 1968	877	104
Feb 1968	891	107
Jan 1968	892	107
Dec 1967	927	114
Nov 1967	877	104
Oct 1967	889	104
Sep 1967	882	106
Aug 1967	765	101
Jul 1967	795	99
Jun 1967	805	101
May 1967	721	114
Apr 1967	703	111
Mar 1967	634	50
Feb 1967	604	105
Jan 1967	624	105
Dec 1966	585	98
Nov 1966	581	98
Oct 1966	595	103
Sep 1966	582	98
Aug 1966	622	98
Jul 1966	625	99
Jun 1966	610	96
May 1966	631	84
Apr 1966	807	101
Mar 1966	853	357
Feb 1966	875	301
Jan 1966	880	301
Dec 1965	900	301
Nov 1965	911	303
Oct 1965	894	298
Sep 1965	900	319
Aug 1965	863	319
Jul 1965	881	320
Jun 1965	859	320
May 1965	849	313
Apr 1965	710	312
Mar 1965	742	59
Feb 1965	744	63
Jan 1965	713	63
Dec 1964	706	73
Nov 1964	688	71
Oct 1964	686	71
Sep 1964	677	49
Aug 1964	685	52
Jul 1964	632	52
Jun 1964	631	52
May 1964	584	52
Apr 1964	520	37
Mar 1964	447	38
Feb 1964	458	40
Jan 1964	461	40
Dec 1963	462	31
Nov 1963	464	31
Oct 1963	454	31
Sep 1963	452	31
Aug 1963	443	28
Jul 1963	468	32
Jun 1963	484	32
May 1963	564	32
Apr 1963	693	35
Mar 1963	649	21
Feb 1963	639	30
Jan 1963	659	30
Dec 1962	656	30
Nov 1962	670	30
Oct 1962	701	31
Sep 1962	704	31
Aug 1962	733	46
Jul 1962	709	40
Jun 1962	708	40
May 1962	645	42
Apr 1962	582	61
Mar 1962	616	63
Feb 1962	703	53
Jan 1962	709	53
Dec 1961	698	52
Nov 1961	683	52
Oct 1961	672	51
Sep 1961	676	52
Aug 1961	644	37
Jul 1961	665	38
Jun 1961	630	38
May 1961	648	39
Apr 1961	712	50
Mar 1961	707	53
Feb 1961	611	46
Jan 1961	608	46
Dec 1960	616	46
Nov 1960	617	46
Oct 1960	602	46
Sep 1960	608	45
Aug 1960	645	59
Jul 1960	635	58
Jun 1960	655	58
May 1960	603	57
Apr 1960	628	31
Mar 1960	588	25
Feb 1960	603	34
Jan 1960	595	55
Dec 1959	602	58
Nov 1959	601	58
Oct 1959	636	58
Sep 1959	621	62
Aug 1959	587	49
Jul 1959	595	50
Jun 1959	654	51
May 1959	709	92
Apr 1959	551	84
Mar 1959	597	87
Feb 1959	569	78
Jan 1959	569	70
Dec 1958	564	67
Nov 1958	601	86
Oct 1958	615	111
Sep 1958	624	109
Aug 1958	617	110
Jul 1958	591	109
Jun 1958	525	108
May 1958	544	79
Apr 1958	704	166
Mar 1958	844	192
Feb 1958	867	193
Jan 1958	852	180
Dec 1957	857	193
Nov 1957	828	174
Oct 1957	776	149
Sep 1957	787	147
Aug 1957	786	145
Jul 1957	808	147
Jun 1957	845	148
May 1957	763	134
Apr 1957	614	51
Mar 1957	483	88
Feb 1957	476	88
Jan 1957	518	96
Dec 1956	504	83
Nov 1956	498	83
Oct 1956	511	84
Sep 1956	505	85
Aug 1956	504	87
Jul 1956	495	85
Jun 1956	452	89
May 1956	540	91
Apr 1956	609	193
Mar 1956	623	133
Feb 1956	633	137
Jan 1956	590	129
Dec 1955	591	129
Nov 1955	605	131
Oct 1955	587	130
Sep 1955	578	131
Aug 1955	584	132
Jul 1955	600	133
Jun 1955	596	128
May 1955	550	131
Apr 1955	503	34
Mar 1955	517	29
Feb 1955	538	34
Jan 1955	551	36
Dec 1954	550	36
Nov 1954	554	83
Oct 1954	564	83
Sep 1954	556	81
Aug 1954	540	78
Jul 1954	515	77
Jun 1954	502	77
May 1954	506	316
Apr 1954	499	470
Mar 1954	433	504
Feb 1954	411	518
Jan 1954	410	519
Dec 1953	422	519
Nov 1953	404	470
Oct 1953	398	470
Sep 1953	392	470
Aug 1953	388	470
Jul 1953	380	471
Jun 1953	375	473
May 1953	298	232
Apr 1953	238	71
Mar 1953	228	39
Feb 1953	231	224
Jan 1953	242	231
Dec 1952	240	231
Nov 1952	247	232
Oct 1952	253	233
Sep 1952	255	233
Aug 1952	263	241
Jul 1952	274	240
Jun 1952	270	243
May 1952	312	249
Apr 1952	335	254
Mar 1952	324	252
Feb 1952	287	43
Jan 1952	270	34
Dec 1951	260	34
Nov 1951	254	36
Oct 1951	246	35
Sep 1951	246	35
Aug 1951	240	27
Jul 1951	226	27
Jun 1951	226	22
May 1951	178	19
Apr 1951	182	14
Mar 1951	171	24
Feb 1951	186	25
Jan 1951	196	69
Dec 1950	201	70
	
